-1.000000000000000000e+01 2.988860752253303527e-02 3.219109970116400959e-02
-8.000000000000000000e+00 4.349331563857392058e-02 7.252248564618561655e-02
-6.000000000000000000e+00 6.294738618281923992e-02 1.778308861978221966e-01
-4.000000000000000000e+00 8.860736726566378896e-02 3.106455339223040957e-01
-2.000000000000000000e+00 1.237987519751498344e-01 8.115871377631144190e-01
-0.000000000000000000e+00 1.612262189099133158e-01 8.911452880029355761e-01
2.000000000000000000e+00 2.121654966675868559e-01 1.195519677971095929e+00
4.000000000000000000e+00 2.735485565278601428e-01 1.633616253947034913e+00
6.000000000000000000e+00 3.606880113069329541e-01 2.158879558701014112e+00
8.000000000000000000e+00 4.817018875870755501e-01 2.588255891554430477e+00
1.000000000000000000e+01 6.458445977498227242e-01 2.872173648893097120e+00
1.200000000000000000e+01 8.360788221360699879e-01 3.218770135624807960e+00
1.400000000000000000e+01 1.113951273817407106e+00 3.358153677535914650e+00
1.600000000000000000e+01 1.446202916406331029e+00 3.359837065828724878e+00
1.800000000000000000e+01 1.875699310951494114e+00 3.478718651563338149e+00
2.000000000000000000e+01 2.424714953819953500e+00 3.690365922785384445e+00
