6.565309863653654432e+00
5.802686291481187197e+00
4.989039502939953685e+00
4.201035478876398166e+00
3.417965804537458574e+00
2.660852733251561908e+00
1.884079736206548006e+00
1.120955212365885245e+00
3.963572876137506640e-01
-3.503712334736261980e-01
-1.036374068654918545e+00
-1.895680550135104170e+00
-2.527177506139526741e+00
-3.176681896564838681e+00
-3.824207646593666965e+00
-4.453928075889191263e+00
-5.110205115108687579e+00
-5.754868523644518064e+00
-6.282518803749434610e+00
-6.757502612588520918e+00
-6.848602420525775614e+00
-7.840959998432502687e+00
-8.331864551723116463e+00
-9.016332234939968160e+00
-8.962623467013171918e+00
-9.337441383577994358e+00
-9.789092613235348850e+00
-9.805546033673786965e+00
-9.812475094187375291e+00
-9.815864160103890512e+00
-9.817059864721242590e+00
-9.817248900066237738e+00
-9.816404651340798537e+00
-9.815672161341039370e+00
-9.815061728497132876e+00
-9.814152300196289147e+00
-9.813737989131384509e+00
-9.812814801825881617e+00
-9.812054379953449867e+00
