1.353227946535455750e+01
1.206710059650873035e+01
1.050389415393986070e+01
8.989953480254133211e+00
7.485492850474482651e+00
6.030900947138727375e+00
4.538537712262195711e+00
3.072396397689097114e+00
1.680273722104836054e+00
2.456329769400671381e-01
-1.072339473364216644e+00
-2.723268902335885144e+00
-3.936522766286600472e+00
-5.184373138079912735e+00
-6.428422077287400782e+00
-7.638262816481944384e+00
-8.899125036140233647e+00
-1.013767474555207215e+01
-1.115141477242796597e+01
-1.206397014725390804e+01
-1.223899425930088114e+01
-1.414554607141708686e+01
-1.508868893291120372e+01
-1.640371199599375274e+01
-1.630052484743247376e+01
-1.702063803440252698e+01
-1.788836604849614531e+01
-1.791997693075349929e+01
-1.793328928224107699e+01
-1.793980047327580252e+01
-1.794209770247596225e+01
-1.794246088374003278e+01
-1.794083888379446279e+01
-1.793943159859052372e+01
-1.793825881382961995e+01
-1.793651158862213180e+01
-1.793571559982821384e+01
-1.793394194034356559e+01
-1.793248099145665009e+01
