1.041637464349058018e+00
9.241134840888467483e-01
8.457872975874265453e-01
7.567074372462840870e-01
3.930309577890966910e-01
2.959407980401529414e-02
-4.496244541141218853e-01
-8.366896697830372709e-01
-1.223305389986136138e+00
-1.481723489327485321e+00
-1.828030252737194772e+00
-2.240081326751590662e+00
-2.754109079684019523e+00
-3.136571765796004829e+00
-3.513599640065015794e+00
-3.739492309341143628e+00
-4.078835926659754918e+00
-4.382188294216144087e+00
-4.657443186553440029e+00
-4.855303402807145119e+00
-4.988376757800281780e+00
-5.123912347935231537e+00
-5.179132867123705353e+00
-5.213928425012744228e+00
-5.210431851107284018e+00
-5.242063149037424097e+00
-5.253008161224618888e+00
