-1.000000000000000000e+01 2.432630880088721137e-01 3.208784605752379362e-03
-8.000000000000000000e+00 2.434830118499562435e-01 3.510713307848348317e-03
-6.000000000000000000e+00 2.453075467126317188e-01 2.079059715597895031e-03
-4.000000000000000000e+00 2.453855844971109812e-01 9.015740225495887539e-04
-2.000000000000000000e+00 2.453355304865234565e-01 6.506996939495366403e-04
-0.000000000000000000e+00 2.461817495840819547e-01 1.490636054890152364e-03
2.000000000000000000e+00 2.464152581810280795e-01 5.837972592277378484e-04
4.000000000000000000e+00 2.471133007299100570e-01 1.564774543375485345e-03
6.000000000000000000e+00 2.473352393743550037e-01 1.417994692469970366e-03
8.000000000000000000e+00 2.472843598280244082e-01 9.013113079729158502e-04
1.000000000000000000e+01 2.481626401940447979e-01 1.368071024009619380e-03
1.200000000000000000e+01 2.492498063521370322e-01 2.643510963897437952e-03
1.400000000000000000e+01 2.488028446691925022e-01 2.179070216621985939e-03
1.600000000000000000e+01 2.481137695326283144e-01 6.840079749917189755e-03
1.800000000000000000e+01 2.467178877768424206e-01 1.113083808105164857e-02
2.000000000000000000e+01 2.522519938526448513e-01 4.812646003528650747e-03
