1.021961725846201261e+03
1.825639230050017886e+03
2.629316734253834511e+03
3.432994238457651591e+03
4.236671742661467761e+03
5.040349246865284840e+03
5.844026751069101010e+03
6.647704255272917180e+03
7.451381759476734260e+03
8.255059263680550430e+03
1.629183430571871759e+04
2.432860934775688293e+04
3.236538438979505372e+04
4.040215943183322088e+04
4.843893447387138440e+04
5.647570951590954792e+04
6.451248455794771144e+04
7.254925959998587496e+04
8.058603464202403848e+04
8.138971214622785919e+04
8.219338965043167991e+04
8.299706715463550063e+04
8.380074465883930679e+04
8.460442216304312751e+04
8.540809966724694823e+04
8.621177717145075439e+04
8.701545467565457511e+04
8.781913217985839583e+04
8.862280968406221655e+04
1.021961725846201261e+03
1.825639230050017886e+03
2.629316734253834511e+03
3.432994238457651591e+03
4.236671742661467761e+03
5.040349246865284840e+03
5.844026751069101010e+03
6.647704255272917180e+03
7.451381759476734260e+03
8.255059263680550430e+03
1.629183430571871759e+04
2.432860934775688293e+04
3.236538438979505372e+04
4.040215943183322088e+04
4.843893447387138440e+04
5.647570951590954792e+04
6.451248455794771144e+04
7.254925959998587496e+04
8.058603464202403848e+04
8.138971214622785919e+04
8.219338965043167991e+04
8.299706715463550063e+04
8.380074465883930679e+04
8.460442216304312751e+04
8.540809966724694823e+04
8.621177717145075439e+04
8.701545467565457511e+04
8.781913217985839583e+04
8.862280968406221655e+04
1.021961725846201261e+03
1.825639230050017886e+03
2.629316734253834511e+03
3.432994238457651591e+03
4.236671742661467761e+03
5.040349246865284840e+03
5.844026751069101010e+03
6.647704255272917180e+03
7.451381759476734260e+03
8.255059263680550430e+03
1.629183430571871759e+04
2.432860934775688293e+04
3.236538438979505372e+04
4.040215943183322088e+04
4.843893447387138440e+04
5.647570951590954792e+04
6.451248455794771144e+04
7.254925959998587496e+04
8.058603464202403848e+04
8.138971214622785919e+04
8.219338965043167991e+04
8.299706715463550063e+04
8.380074465883930679e+04
8.460442216304312751e+04
8.540809966724694823e+04
8.621177717145075439e+04
8.701545467565457511e+04
8.781913217985839583e+04
8.862280968406221655e+04
1.021961725846201261e+03
1.825639230050017886e+03
2.629316734253834511e+03
3.432994238457651591e+03
4.236671742661467761e+03
5.040349246865284840e+03
5.844026751069101010e+03
6.647704255272917180e+03
7.451381759476734260e+03
8.255059263680550430e+03
1.629183430571871759e+04
2.432860934775688293e+04
3.236538438979505372e+04
4.040215943183322088e+04
4.843893447387138440e+04
5.647570951590954792e+04
6.451248455794771144e+04
7.254925959998587496e+04
8.058603464202403848e+04
8.138971214622785919e+04
8.219338965043167991e+04
8.299706715463550063e+04
8.380074465883930679e+04
8.460442216304312751e+04
8.540809966724694823e+04
8.621177717145075439e+04
8.701545467565457511e+04
8.781913217985839583e+04
8.862280968406221655e+04
1.021961725846201261e+03
1.825639230050017886e+03
2.629316734253834511e+03
3.432994238457651591e+03
4.236671742661467761e+03
5.040349246865284840e+03
5.844026751069101010e+03
6.647704255272917180e+03
7.451381759476734260e+03
8.255059263680550430e+03
1.629183430571871759e+04
2.432860934775688293e+04
3.236538438979505372e+04
4.040215943183322088e+04
4.843893447387138440e+04
5.647570951590954792e+04
6.451248455794771144e+04
7.254925959998587496e+04
8.058603464202403848e+04
8.138971214622785919e+04
8.219338965043167991e+04
8.299706715463550063e+04
8.380074465883930679e+04
8.460442216304312751e+04
8.540809966724694823e+04
8.621177717145075439e+04
8.701545467565457511e+04
8.781913217985839583e+04
8.862280968406221655e+04
1.021961725846201261e+03
1.825639230050017886e+03
2.629316734253834511e+03
3.432994238457651591e+03
4.236671742661467761e+03
5.040349246865284840e+03
5.844026751069101010e+03
6.647704255272917180e+03
7.451381759476734260e+03
8.255059263680550430e+03
1.629183430571871759e+04
2.432860934775688293e+04
3.236538438979505372e+04
4.040215943183322088e+04
4.843893447387138440e+04
5.647570951590954792e+04
6.451248455794771144e+04
7.254925959998587496e+04
8.058603464202403848e+04
8.138971214622785919e+04
8.219338965043167991e+04
8.299706715463550063e+04
8.380074465883930679e+04
8.460442216304312751e+04
8.540809966724694823e+04
8.621177717145075439e+04
8.701545467565457511e+04
8.781913217985839583e+04
8.862280968406221655e+04
1.021961725846201261e+03
1.825639230050017886e+03
2.629316734253834511e+03
3.432994238457651591e+03
4.236671742661467761e+03
5.040349246865284840e+03
5.844026751069101010e+03
6.647704255272917180e+03
7.451381759476734260e+03
8.255059263680550430e+03
1.629183430571871759e+04
2.432860934775688293e+04
3.236538438979505372e+04
4.040215943183322088e+04
4.843893447387138440e+04
5.647570951590954792e+04
6.451248455794771144e+04
7.254925959998587496e+04
8.058603464202403848e+04
8.138971214622785919e+04
8.219338965043167991e+04
8.299706715463550063e+04
8.380074465883930679e+04
8.460442216304312751e+04
8.540809966724694823e+04
8.621177717145075439e+04
8.701545467565457511e+04
8.781913217985839583e+04
8.862280968406221655e+04
1.021961725846201261e+03
1.825639230050017886e+03
2.629316734253834511e+03
3.432994238457651591e+03
4.236671742661467761e+03
5.040349246865284840e+03
5.844026751069101010e+03
6.647704255272917180e+03
7.451381759476734260e+03
8.255059263680550430e+03
1.629183430571871759e+04
2.432860934775688293e+04
3.236538438979505372e+04
4.040215943183322088e+04
4.843893447387138440e+04
5.647570951590954792e+04
6.451248455794771144e+04
7.254925959998587496e+04
8.058603464202403848e+04
8.138971214622785919e+04
8.219338965043167991e+04
8.299706715463550063e+04
8.380074465883930679e+04
8.460442216304312751e+04
8.540809966724694823e+04
8.621177717145075439e+04
8.701545467565457511e+04
8.781913217985839583e+04
8.862280968406221655e+04
1.032659801834445943e+03
1.844750344210407548e+03
2.656840886586369379e+03
3.468931428962331211e+03
4.281021971338293042e+03
5.093112513714254419e+03
5.905203056090215796e+03
6.717293598466177173e+03
7.529384140842138549e+03
8.341474683218100836e+03
1.646238010697771460e+04
2.458328553073733201e+04
3.270419095449694942e+04
4.082509637825656682e+04
4.894600180201618059e+04
5.706690722577579436e+04
6.518781264953540813e+04
7.330871807329502190e+04
8.142962349705463566e+04
8.224171403943060432e+04
8.305380458180655842e+04
8.386589512418252707e+04
8.467798566655848117e+04
8.549007620893444982e+04
8.630216675131040392e+04
8.711425729368637258e+04
8.792634783606234123e+04
8.873843837843829533e+04
8.955052892081426398e+04
1.040854496209812169e+03
1.859389400793031655e+03
2.677924305376251141e+03
3.496459209959471082e+03
4.314994114542690113e+03
5.133529019125910054e+03
5.952063923709129085e+03
6.770598828292348117e+03
7.589133732875568057e+03
8.407668637458787998e+03
1.659301768329098195e+04
2.477836672912317590e+04
3.296371577495537349e+04
4.114906482078757108e+04
4.933441386661976139e+04
5.751976291245195171e+04
6.570511195828414930e+04
7.389046100411633961e+04
8.207581004994854447e+04
8.289434495453175623e+04
8.371287985911498254e+04
8.453141476369819429e+04
8.534994966828142060e+04
8.616848457286463236e+04
8.698701947744785866e+04
8.780555438203107042e+04
8.862408928661429673e+04
8.944262419119750848e+04
9.026115909578073479e+04
1.016427642870984755e+03
1.815753107383788347e+03
2.615078571896592166e+03
3.414404036409395758e+03
4.213729500922199804e+03
5.013054965435003396e+03
5.812380429947806988e+03
6.611705894460609670e+03
7.411031358973413262e+03
8.210356823486215944e+03
1.620361146861425186e+04
2.419686611374228960e+04
3.219012075887032552e+04
4.018337540399836143e+04
4.817663004912639735e+04
5.616988469425442599e+04
6.416313933938246191e+04
7.215639398451050511e+04
8.014964862963854102e+04
8.094897409415134462e+04
8.174829955866414821e+04
8.254762502317695180e+04
8.334695048768975539e+04
8.414627595220255898e+04
8.494560141671536257e+04
8.574492688122816617e+04
8.654425234574096976e+04
8.734357781025377335e+04
8.814290327476657694e+04
1.016427642870984755e+03
1.815753107383788347e+03
2.615078571896592166e+03
3.414404036409395758e+03
4.213729500922199804e+03
5.013054965435003396e+03
5.812380429947806988e+03
6.611705894460609670e+03
7.411031358973413262e+03
8.210356823486215944e+03
1.620361146861425186e+04
2.419686611374228960e+04
3.219012075887032552e+04
4.018337540399836143e+04
4.817663004912639735e+04
5.616988469425442599e+04
6.416313933938246191e+04
7.215639398451050511e+04
8.014964862963854102e+04
8.094897409415134462e+04
8.174829955866414821e+04
8.254762502317695180e+04
8.334695048768975539e+04
8.414627595220255898e+04
8.494560141671536257e+04
8.574492688122816617e+04
8.654425234574096976e+04
8.734357781025377335e+04
8.814290327476657694e+04
1.016427642870984755e+03
1.815753107383788347e+03
2.615078571896592166e+03
3.414404036409395758e+03
4.213729500922199804e+03
5.013054965435003396e+03
5.812380429947806988e+03
6.611705894460609670e+03
7.411031358973413262e+03
8.210356823486215944e+03
1.620361146861425186e+04
2.419686611374228960e+04
3.219012075887032552e+04
4.018337540399836143e+04
4.817663004912639735e+04
5.616988469425442599e+04
6.416313933938246191e+04
7.215639398451050511e+04
8.014964862963854102e+04
8.094897409415134462e+04
8.174829955866414821e+04
8.254762502317695180e+04
8.334695048768975539e+04
8.414627595220255898e+04
8.494560141671536257e+04
8.574492688122816617e+04
8.654425234574096976e+04
8.734357781025377335e+04
8.814290327476657694e+04
1.016427642870984755e+03
1.815753107383788347e+03
2.615078571896592166e+03
3.414404036409395758e+03
4.213729500922199804e+03
5.013054965435003396e+03
5.812380429947806988e+03
6.611705894460609670e+03
7.411031358973413262e+03
8.210356823486215944e+03
1.620361146861425186e+04
2.419686611374228960e+04
3.219012075887032552e+04
4.018337540399836143e+04
4.817663004912639735e+04
5.616988469425442599e+04
6.416313933938246191e+04
7.215639398451050511e+04
8.014964862963854102e+04
8.094897409415134462e+04
8.174829955866414821e+04
8.254762502317695180e+04
8.334695048768975539e+04
8.414627595220255898e+04
8.494560141671536257e+04
8.574492688122816617e+04
8.654425234574096976e+04
8.734357781025377335e+04
8.814290327476657694e+04
1.016427642870984755e+03
1.815753107383788347e+03
2.615078571896592166e+03
3.414404036409395758e+03
4.213729500922199804e+03
5.013054965435003396e+03
5.812380429947806988e+03
6.611705894460609670e+03
7.411031358973413262e+03
8.210356823486215944e+03
1.620361146861425186e+04
2.419686611374228960e+04
3.219012075887032552e+04
4.018337540399836143e+04
4.817663004912639735e+04
5.616988469425442599e+04
6.416313933938246191e+04
7.215639398451050511e+04
8.014964862963854102e+04
8.094897409415134462e+04
8.174829955866414821e+04
8.254762502317695180e+04
8.334695048768975539e+04
8.414627595220255898e+04
8.494560141671536257e+04
8.574492688122816617e+04
8.654425234574096976e+04
8.734357781025377335e+04
8.814290327476657694e+04
1.016427642870984755e+03
1.815753107383788347e+03
2.615078571896592166e+03
3.414404036409395758e+03
4.213729500922199804e+03
5.013054965435003396e+03
5.812380429947806988e+03
6.611705894460609670e+03
7.411031358973413262e+03
8.210356823486215944e+03
1.620361146861425186e+04
2.419686611374228960e+04
3.219012075887032552e+04
4.018337540399836143e+04
4.817663004912639735e+04
5.616988469425442599e+04
6.416313933938246191e+04
7.215639398451050511e+04
8.014964862963854102e+04
8.094897409415134462e+04
8.174829955866414821e+04
8.254762502317695180e+04
8.334695048768975539e+04
8.414627595220255898e+04
8.494560141671536257e+04
8.574492688122816617e+04
8.654425234574096976e+04
8.734357781025377335e+04
8.814290327476657694e+04
1.016427642870984755e+03
1.815753107383788347e+03
2.615078571896592166e+03
3.414404036409395758e+03
4.213729500922199804e+03
5.013054965435003396e+03
5.812380429947806988e+03
6.611705894460609670e+03
7.411031358973413262e+03
8.210356823486215944e+03
1.620361146861425186e+04
2.419686611374228960e+04
3.219012075887032552e+04
4.018337540399836143e+04
4.817663004912639735e+04
5.616988469425442599e+04
6.416313933938246191e+04
7.215639398451050511e+04
8.014964862963854102e+04
8.094897409415134462e+04
8.174829955866414821e+04
8.254762502317695180e+04
8.334695048768975539e+04
8.414627595220255898e+04
8.494560141671536257e+04
8.574492688122816617e+04
8.654425234574096976e+04
8.734357781025377335e+04
8.814290327476657694e+04
1.016427642870984755e+03
1.815753107383788347e+03
2.615078571896592166e+03
3.414404036409395758e+03
4.213729500922199804e+03
5.013054965435003396e+03
5.812380429947806988e+03
6.611705894460609670e+03
7.411031358973413262e+03
8.210356823486215944e+03
1.620361146861425186e+04
2.419686611374228960e+04
3.219012075887032552e+04
4.018337540399836143e+04
4.817663004912639735e+04
5.616988469425442599e+04
6.416313933938246191e+04
7.215639398451050511e+04
8.014964862963854102e+04
8.094897409415134462e+04
8.174829955866414821e+04
8.254762502317695180e+04
8.334695048768975539e+04
8.414627595220255898e+04
8.494560141671536257e+04
8.574492688122816617e+04
8.654425234574096976e+04
8.734357781025377335e+04
8.814290327476657694e+04
1.016427642870984755e+03
1.815753107383788347e+03
2.615078571896592166e+03
3.414404036409395758e+03
4.213729500922199804e+03
5.013054965435003396e+03
5.812380429947806988e+03
6.611705894460609670e+03
7.411031358973413262e+03
8.210356823486215944e+03
1.620361146861425186e+04
2.419686611374228960e+04
3.219012075887032552e+04
4.018337540399836143e+04
4.817663004912639735e+04
5.616988469425442599e+04
6.416313933938246191e+04
7.215639398451050511e+04
8.014964862963854102e+04
8.094897409415134462e+04
8.174829955866414821e+04
8.254762502317695180e+04
8.334695048768975539e+04
8.414627595220255898e+04
8.494560141671536257e+04
8.574492688122816617e+04
8.654425234574096976e+04
8.734357781025377335e+04
8.814290327476657694e+04
1.016427642870984755e+03
1.815753107383788347e+03
2.615078571896592166e+03
3.414404036409395758e+03
4.213729500922199804e+03
5.013054965435003396e+03
5.812380429947806988e+03
6.611705894460609670e+03
7.411031358973413262e+03
8.210356823486215944e+03
1.620361146861425186e+04
2.419686611374228960e+04
3.219012075887032552e+04
4.018337540399836143e+04
4.817663004912639735e+04
5.616988469425442599e+04
6.416313933938246191e+04
7.215639398451050511e+04
8.014964862963854102e+04
8.094897409415134462e+04
8.174829955866414821e+04
8.254762502317695180e+04
8.334695048768975539e+04
8.414627595220255898e+04
8.494560141671536257e+04
8.574492688122816617e+04
8.654425234574096976e+04
8.734357781025377335e+04
8.814290327476657694e+04
1.016427642870984755e+03
1.815753107383788347e+03
2.615078571896592166e+03
3.414404036409395758e+03
4.213729500922199804e+03
5.013054965435003396e+03
5.812380429947806988e+03
6.611705894460609670e+03
7.411031358973413262e+03
8.210356823486215944e+03
1.620361146861425186e+04
2.419686611374228960e+04
3.219012075887032552e+04
4.018337540399836143e+04
4.817663004912639735e+04
5.616988469425442599e+04
6.416313933938246191e+04
7.215639398451050511e+04
8.014964862963854102e+04
8.094897409415134462e+04
8.174829955866414821e+04
8.254762502317695180e+04
8.334695048768975539e+04
8.414627595220255898e+04
8.494560141671536257e+04
8.574492688122816617e+04
8.654425234574096976e+04
8.734357781025377335e+04
8.814290327476657694e+04
1.016427642870984755e+03
1.815753107383788347e+03
2.615078571896592166e+03
3.414404036409395758e+03
4.213729500922199804e+03
5.013054965435003396e+03
5.812380429947806988e+03
6.611705894460609670e+03
7.411031358973413262e+03
8.210356823486215944e+03
1.620361146861425186e+04
2.419686611374228960e+04
3.219012075887032552e+04
4.018337540399836143e+04
4.817663004912639735e+04
5.616988469425442599e+04
6.416313933938246191e+04
7.215639398451050511e+04
8.014964862963854102e+04
8.094897409415134462e+04
8.174829955866414821e+04
8.254762502317695180e+04
8.334695048768975539e+04
8.414627595220255898e+04
8.494560141671536257e+04
8.574492688122816617e+04
8.654425234574096976e+04
8.734357781025377335e+04
8.814290327476657694e+04
1.016427642870984755e+03
1.815753107383788347e+03
2.615078571896592166e+03
3.414404036409395758e+03
4.213729500922199804e+03
5.013054965435003396e+03
5.812380429947806988e+03
6.611705894460609670e+03
7.411031358973413262e+03
8.210356823486215944e+03
1.620361146861425186e+04
2.419686611374228960e+04
3.219012075887032552e+04
4.018337540399836143e+04
4.817663004912639735e+04
5.616988469425442599e+04
6.416313933938246191e+04
7.215639398451050511e+04
8.014964862963854102e+04
8.094897409415134462e+04
8.174829955866414821e+04
8.254762502317695180e+04
8.334695048768975539e+04
8.414627595220255898e+04
8.494560141671536257e+04
8.574492688122816617e+04
8.654425234574096976e+04
8.734357781025377335e+04
8.814290327476657694e+04
1.016427642870984755e+03
1.815753107383788347e+03
2.615078571896592166e+03
3.414404036409395758e+03
4.213729500922199804e+03
5.013054965435003396e+03
5.812380429947806988e+03
6.611705894460609670e+03
7.411031358973413262e+03
8.210356823486215944e+03
1.620361146861425186e+04
2.419686611374228960e+04
3.219012075887032552e+04
4.018337540399836143e+04
4.817663004912639735e+04
5.616988469425442599e+04
6.416313933938246191e+04
7.215639398451050511e+04
8.014964862963854102e+04
8.094897409415134462e+04
8.174829955866414821e+04
8.254762502317695180e+04
8.334695048768975539e+04
8.414627595220255898e+04
8.494560141671536257e+04
8.574492688122816617e+04
8.654425234574096976e+04
8.734357781025377335e+04
8.814290327476657694e+04
1.016427642870984755e+03
1.815753107383788347e+03
2.615078571896592166e+03
3.414404036409395758e+03
4.213729500922199804e+03
5.013054965435003396e+03
5.812380429947806988e+03
6.611705894460609670e+03
7.411031358973413262e+03
8.210356823486215944e+03
1.620361146861425186e+04
2.419686611374228960e+04
3.219012075887032552e+04
4.018337540399836143e+04
4.817663004912639735e+04
5.616988469425442599e+04
6.416313933938246191e+04
7.215639398451050511e+04
8.014964862963854102e+04
8.094897409415134462e+04
8.174829955866414821e+04
8.254762502317695180e+04
8.334695048768975539e+04
8.414627595220255898e+04
8.494560141671536257e+04
8.574492688122816617e+04
8.654425234574096976e+04
8.734357781025377335e+04
8.814290327476657694e+04
1.016427642870984755e+03
1.815753107383788347e+03
2.615078571896592166e+03
3.414404036409395758e+03
4.213729500922199804e+03
5.013054965435003396e+03
5.812380429947806988e+03
6.611705894460609670e+03
7.411031358973413262e+03
8.210356823486215944e+03
1.620361146861425186e+04
2.419686611374228960e+04
3.219012075887032552e+04
4.018337540399836143e+04
4.817663004912639735e+04
5.616988469425442599e+04
6.416313933938246191e+04
7.215639398451050511e+04
8.014964862963854102e+04
8.094897409415134462e+04
8.174829955866414821e+04
8.254762502317695180e+04
8.334695048768975539e+04
8.414627595220255898e+04
8.494560141671536257e+04
8.574492688122816617e+04
8.654425234574096976e+04
8.734357781025377335e+04
8.814290327476657694e+04
