1.000000000000000056e-01 5.904819151731986793e+00 8.662432387237425924e-02 1.716853205998538101e+02
2.000000000000000111e-01 2.822588400724639346e+00 8.798821787301733255e-02 3.516834526610678040e+02
2.999999999999999889e-01 1.967360214228495163e+00 3.136507056118779946e-02 5.437243329053344496e+02
4.000000000000000222e-01 1.557448994619974325e+00 5.024994943308360752e-03 7.297128829105564591e+02
5.000000000000000000e-01 1.293246473425291310e+00 3.179884294254133655e-03 9.145368036467964430e+02
5.999999999999999778e-01 1.027304949068692519e+00 7.203095312683142903e-02 1.093234320433978382e+03
6.999999999999999556e-01 9.647396050382338606e-01 1.556803798603404072e-02 1.276572068709183441e+03
8.000000000000000444e-01 7.292767037431002741e-01 4.763814520267194846e-02 1.456688437824454468e+03
9.000000000000000222e-01 3.686028344229008713e-01 5.263619953262790169e-02 1.627711571267961972e+03
1.000000000000000000e+00 5.339383228897598421e-02 7.132927590354254388e-02 1.803958075909394665e+03
1.100000000000000089e+00 -4.226357071194897230e-01 7.177656130396385670e-02 1.965871808223722837e+03
1.199999999999999956e+00 -1.313965070156057013e+00 2.086040649050540860e-02 2.168689511712630974e+03
1.300000000000000044e+00 -2.102535179760908868e+00 2.940416046261029592e-02 2.317738500795586788e+03
1.399999999999999911e+00 -2.836039243436045965e+00 1.477738103027215200e-02 2.471037692307692851e+03
1.500000000000000000e+00 -3.707395470333027188e+00 1.491293316922216380e-02 2.623869875470747957e+03
1.600000000000000089e+00 -4.491093029271111092e+00 1.439591701198697678e-02 2.772499560062173259e+03
1.699999999999999956e+00 -5.319275076636333921e+00 1.272590825404349736e-02 2.927397265148397310e+03
1.800000000000000044e+00 -6.135000907184628538e+00 5.129002626332477763e-03 3.079553864522987169e+03
1.899999999999999911e+00 -6.798694475362923484e+00 3.625591918434689642e-02 3.204092455075473481e+03
2.000000000000000000e+00 -7.555078728564185830e+00 9.602967776099706476e-02 3.316200448415891060e+03
2.100000000000000089e+00 -8.908776010571614279e+00 6.490647490653644880e-01 3.337702269049535062e+03
2.200000000000000178e+00 -9.052167976571944052e+00 9.343485172997567645e-02 3.571923340726042170e+03
2.299999999999999822e+00 -9.660113687356759016e+00 4.412125745208690386e-01 3.687789025759801007e+03
2.399999999999999911e+00 -1.144256895318182998e+01 7.428929464550644568e-02 3.849340424026097935e+03
2.500000000000000000e+00 -1.212001505724857431e+01 2.786018382954471018e-01 3.836663818876595997e+03
2.600000000000000089e+00 -1.271037671312806161e+01 9.923365888794958289e-01 3.925130170175644253e+03
2.700000000000000178e+00 -2.012327183960033494e+01 1.057188535658676320e-02 4.031731094468984338e+03
2.799999999999999822e+00 -2.287564577644815245e+01 5.223136746831916373e-03 4.035614510944690664e+03
2.899999999999999911e+00 -2.549401839968027872e+01 1.290939171725402406e-03 4.037249941575076718e+03
3.000000000000000000e+00 -2.799619043073990809e+01 4.496343993327256254e-03 4.038049845428910430e+03
3.100000000000000089e+00 -3.033855124389544855e+01 2.455596278249006729e-03 4.038332061459824672e+03
3.200000000000000178e+00 -3.252365892662928104e+01 4.257602892691842410e-03 4.038376678503192124e+03
3.299999999999999822e+00 -3.454836562054960325e+01 1.475556645820826334e-03 4.038177414804666569e+03
3.399999999999999911e+00 -3.644977511864622244e+01 4.218067909265558503e-03 4.038004528945218226e+03
3.500000000000000000e+00 -3.825625962289864646e+01 2.600139953809631112e-03 4.037860451610526070e+03
3.600000000000000089e+00 -3.999153755707769164e+01 1.110329702902134244e-03 4.037645803910968425e+03
3.700000000000000178e+00 -4.162241147691489829e+01 2.045073811423482341e-03 4.037548016194332831e+03
3.799999999999999822e+00 -4.314754590007169810e+01 2.286648034169341467e-03 4.037330121027442601e+03
3.899999999999999911e+00 -4.459715761758475594e+01 1.372963139671344200e-03 4.037150642551283909e+03
