2.000000000000000000e+00 3.006709240200792888e+00 2.297931175649577940e-01 8.223308004318517987e+02
5.000000000000000000e+00 6.814497489509974137e-01 4.026630501897016101e-02 2.012350137514942617e+03
7.000000000000000000e+00 3.133484886849635664e-01 1.433984304936807702e-02 2.805462116281232738e+03
1.000000000000000000e+01 4.621919319429235173e-02 1.606722574306419515e-01 3.707463189729474834e+03
2.000000000000000000e+01 -2.801504256134934590e-01 1.961179744786435142e-01 7.389963067951148332e+03
3.000000000000000000e+01 -6.041595351929707203e-01 1.428096524300123960e-01 1.107003679974408078e+04
4.000000000000000000e+01 -9.418628105236092063e-01 8.214762131758873709e-02 1.592248751481116415e+04
5.000000000000000000e+01 -1.255966912737696006e+00 1.897311315605173729e-02 1.984181606663856655e+04
6.000000000000000000e+01 -1.336246046587215242e+00 5.193007875265617801e-02 2.375659313633382408e+04
7.000000000000000000e+01 -1.694471765388556594e+00 4.114412114045536834e-02 2.637327217143436428e+04
8.000000000000000000e+01 -2.320837266882394001e+00 6.340653776519674656e-01 2.987989051526301773e+04
9.000000000000000000e+01 -1.620712827290007096e+00 3.839575187828452307e-01 3.405221981229073572e+04
1.000000000000000000e+02 -1.914044242777875882e+00 3.456897586315310633e-01 3.925714024157317181e+04
1.100000000000000000e+02 -2.491791084271991252e+00 1.732548217904384541e-02 4.312986469472968020e+04
1.200000000000000000e+02 -2.812478871814009018e+00 4.605046675205925338e-02 4.694755756052650395e+04
1.300000000000000000e+02 -2.836850785355458093e+00 1.227725085075456191e-01 4.923489197473470995e+04
1.400000000000000000e+02 -3.161534927720894395e+00 4.516612546687532315e-01 5.267100318906523898e+04
1.500000000000000000e+02 -4.771131178524677274e+00 6.536773694260905598e-02 5.574267573234326846e+04
1.600000000000000000e+02 -7.163766065140674932e+00 1.769771960112800357e-01 5.852984005219403480e+04
1.700000000000000000e+02 -9.919336554036842557e+00 2.408271054076601692e-01 6.053332464197750960e+04
1.800000000000000000e+02 -1.317817951617908001e+01 2.769916608594800156e-01 6.188079317854110559e+04
1.900000000000000000e+02 -1.877563586372051674e+01 3.014381806438312661e-01 6.325319371132126253e+04
2.000000000000000000e+02 -2.255009541557344122e+01 9.468445144431632265e-02 6.381234330353686528e+04
2.100000000000000000e+02 -2.582855420662431101e+01 9.349766806537357366e-02 6.416467468850927980e+04
2.200000000000000000e+02 -2.580409010640456202e+01 1.055084748960345209e+00 6.412926922868887050e+04
2.300000000000000000e+02 -2.968096040309262662e+01 4.818409836995846685e-01 6.444956008431305236e+04
2.400000000000000000e+02 -3.218317164713614886e+01 5.288519778507718705e-01 6.456038662472235592e+04
