1.367949224824941856e+00
-5.102572351631659009e-01
2.845538268630956602e-01
4.921567056212189373e-01
7.008380658639498106e-01
-1.446378789686280503e-02
9.781614543386542016e-01
1.067572951384118563e+00
1.147953736938199576e+00
2.716067334230450214e+00
3.079918776860215424e-01
3.859855676395688717e-01
5.635448492635390938e-01
7.038220416019385084e-01
9.061606301284880205e-01
1.650628176512279888e+00
6.131034542421213374e+00
1.474564355760060153e+01
2.544960225769809981e+01
2.644998269694255200e+01
2.759539994322503631e+01
2.874211833492389445e+01
2.989963225716528683e+01
3.106736926869339044e+01
3.241704988539292032e+01
3.360733226916222094e+01
3.478586416656357017e+01
3.579431453420363596e+01
3.699180053585563144e+01
1.367949224824941856e+00
-5.102572351631659009e-01
2.845538268630956602e-01
4.921567056212189373e-01
7.008380658639498106e-01
-1.446378789686280503e-02
9.781614543386542016e-01
1.067572951384118563e+00
1.147953736938199576e+00
2.716067334230450214e+00
3.079918776860215424e-01
3.859855676395688717e-01
5.635448492635390938e-01
7.038220416019385084e-01
9.061606301284880205e-01
1.650628176512279888e+00
6.131034542421213374e+00
1.474564355760060153e+01
2.544960225769809981e+01
2.644998269694255200e+01
2.759539994322503631e+01
2.874211833492389445e+01
2.989963225716528683e+01
3.106736926869339044e+01
3.241704988539292032e+01
3.360733226916222094e+01
3.478586416656357017e+01
3.579431453420363596e+01
3.699180053585563144e+01
1.367949224824941856e+00
-5.102572351631659009e-01
2.845538268630956602e-01
4.921567056212189373e-01
7.008380658639498106e-01
-1.446378789686280503e-02
9.781614543386542016e-01
1.067572951384118563e+00
1.147953736938199576e+00
2.716067334230450214e+00
3.079918776860215424e-01
3.859855676395688717e-01
5.635448492635390938e-01
7.038220416019385084e-01
9.061606301284880205e-01
1.650628176512279888e+00
6.131034542421213374e+00
1.474564355760060153e+01
2.544960225769809981e+01
2.644998269694255200e+01
2.759539994322503631e+01
2.874211833492389445e+01
2.989963225716528683e+01
3.106736926869339044e+01
3.241704988539292032e+01
3.360733226916222094e+01
3.478586416656357017e+01
3.579431453420363596e+01
3.699180053585563144e+01
1.367949224824941856e+00
-5.102572351631659009e-01
2.845538268630956602e-01
4.921567056212189373e-01
7.008380658639498106e-01
-1.446378789686280503e-02
9.781614543386542016e-01
1.067572951384118563e+00
1.147953736938199576e+00
2.716067334230450214e+00
3.079918776860215424e-01
3.859855676395688717e-01
5.635448492635390938e-01
7.038220416019385084e-01
9.061606301284880205e-01
1.650628176512279888e+00
6.131034542421213374e+00
1.474564355760060153e+01
2.544960225769809981e+01
2.644998269694255200e+01
2.759539994322503631e+01
2.874211833492389445e+01
2.989963225716528683e+01
3.106736926869339044e+01
3.241704988539292032e+01
3.360733226916222094e+01
3.478586416656357017e+01
3.579431453420363596e+01
3.699180053585563144e+01
1.367949224824941856e+00
-5.102572351631659009e-01
2.845538268630956602e-01
4.921567056212189373e-01
7.008380658639498106e-01
-1.446378789686280503e-02
9.781614543386542016e-01
1.067572951384118563e+00
1.147953736938199576e+00
2.716067334230450214e+00
3.079918776860215424e-01
3.859855676395688717e-01
5.635448492635390938e-01
7.038220416019385084e-01
9.061606301284880205e-01
1.650628176512279888e+00
6.131034542421213374e+00
1.474564355760060153e+01
2.544960225769809981e+01
2.644998269694255200e+01
2.759539994322503631e+01
2.874211833492389445e+01
2.989963225716528683e+01
3.106736926869339044e+01
3.241704988539292032e+01
3.360733226916222094e+01
3.478586416656357017e+01
3.579431453420363596e+01
3.699180053585563144e+01
1.367949224824941856e+00
-5.102572351631659009e-01
2.845538268630956602e-01
4.921567056212189373e-01
7.008380658639498106e-01
-1.446378789686280503e-02
9.781614543386542016e-01
1.067572951384118563e+00
1.147953736938199576e+00
2.716067334230450214e+00
3.079918776860215424e-01
3.859855676395688717e-01
5.635448492635390938e-01
7.038220416019385084e-01
9.061606301284880205e-01
1.650628176512279888e+00
6.131034542421213374e+00
1.474564355760060153e+01
2.544960225769809981e+01
2.644998269694255200e+01
2.759539994322503631e+01
2.874211833492389445e+01
2.989963225716528683e+01
3.106736926869339044e+01
3.241704988539292032e+01
3.360733226916222094e+01
3.478586416656357017e+01
3.579431453420363596e+01
3.699180053585563144e+01
1.367949224824941856e+00
-5.102572351631659009e-01
2.845538268630956602e-01
4.921567056212189373e-01
7.008380658639498106e-01
-1.446378789686280503e-02
9.781614543386542016e-01
1.067572951384118563e+00
1.147953736938199576e+00
2.716067334230450214e+00
3.079918776860215424e-01
3.859855676395688717e-01
5.635448492635390938e-01
7.038220416019385084e-01
9.061606301284880205e-01
1.650628176512279888e+00
6.131034542421213374e+00
1.474564355760060153e+01
2.544960225769809981e+01
2.644998269694255200e+01
2.759539994322503631e+01
2.874211833492389445e+01
2.989963225716528683e+01
3.106736926869339044e+01
3.241704988539292032e+01
3.360733226916222094e+01
3.478586416656357017e+01
3.579431453420363596e+01
3.699180053585563144e+01
1.367949224824941856e+00
-5.102572351631659009e-01
2.845538268630956602e-01
4.921567056212189373e-01
7.008380658639498106e-01
-1.446378789686280503e-02
9.781614543386542016e-01
1.067572951384118563e+00
1.147953736938199576e+00
2.716067334230450214e+00
3.079918776860215424e-01
3.859855676395688717e-01
5.635448492635390938e-01
7.038220416019385084e-01
9.061606301284880205e-01
1.650628176512279888e+00
6.131034542421213374e+00
1.474564355760060153e+01
2.544960225769809981e+01
2.644998269694255200e+01
2.759539994322503631e+01
2.874211833492389445e+01
2.989963225716528683e+01
3.106736926869339044e+01
3.241704988539292032e+01
3.360733226916222094e+01
3.478586416656357017e+01
3.579431453420363596e+01
3.699180053585563144e+01
2.429086835122205912e+00
5.312189779189256944e-01
1.334350262633392514e+00
1.544126365022258529e+00
1.754992238630570967e+00
1.032202478627725517e+00
2.035218697355534179e+00
2.125566169756461399e+00
2.206788395581829931e+00
3.791317283190513088e+00
1.358033667115222665e+00
1.436843808801392397e+00
1.616261812370793916e+00
1.758007451154009360e+00
1.962464155790651699e+00
2.714724920042170364e+00
7.242032971746647618e+00
1.594682123681633534e+01
2.676283086861958083e+01
2.777368346712942326e+01
2.893109114361007173e+01
3.008981358612733459e+01
3.125944456870906052e+01
3.243940565768318862e+01
3.380321496964803174e+01
3.500595743980512253e+01
3.619682641742592466e+01
3.721583342176824516e+01
3.842585491855331981e+01
3.241915087244139126e+00
1.328986658275608912e+00
2.138491208812787203e+00
2.349931994036490668e+00
2.562471198382890503e+00
1.833945724478594830e+00
2.844921400281621882e+00
2.935985827019877092e+00
3.017852593589403831e+00
4.614955544737522786e+00
2.162362553467330972e+00
2.241798094751351833e+00
2.422639873800425558e+00
2.565510338191076656e+00
2.771589513465686938e+00
3.529819859415520789e+00
8.093054462885598710e+00
1.686691976504707569e+01
2.776876007713458705e+01
2.878763431848226517e+01
2.995422662881777498e+01
3.112214413854440664e+01
3.230105675329310344e+01
3.349038144921868110e+01
3.486501329971751062e+01
3.607730015897320186e+01
3.727761930333368667e+01
3.830471265997916674e+01
3.952433630873738934e+01
8.190258866507892366e-01
-1.049009790879145143e+00
-2.585027553693586833e-01
-5.202407874904618063e-02
1.555272392095816414e-01
-5.559011428634836882e-01
4.313488780551391621e-01
5.202761978255819875e-01
6.002217088232624231e-01
2.159843725127193359e+00
-2.351916252664269513e-01
-1.576202833723180652e-01
1.897748690275229480e-02
1.584950562510749339e-01
3.597379495968099361e-01
1.100174087494496078e+00
5.556318350464993117e+00
1.412427790717316611e+01
2.477027299267387050e+01
2.576523621499369909e+01
2.690445084730164282e+01
2.804495957911953141e+01
2.919620538198949333e+01
3.035761891451481631e+01
3.169999079906326500e+01
3.288382761710430913e+01
3.405597757950339144e+01
3.505896703029131345e+01
3.624996845749476648e+01
8.190258866507892366e-01
-1.049009790879145143e+00
-2.585027553693586833e-01
-5.202407874904618063e-02
1.555272392095816414e-01
-5.559011428634836882e-01
4.313488780551391621e-01
5.202761978255819875e-01
6.002217088232624231e-01
2.159843725127193359e+00
-2.351916252664269513e-01
-1.576202833723180652e-01
1.897748690275229480e-02
1.584950562510749339e-01
3.597379495968099361e-01
1.100174087494496078e+00
5.556318350464993117e+00
1.412427790717316611e+01
2.477027299267387050e+01
2.576523621499369909e+01
2.690445084730164282e+01
2.804495957911953141e+01
2.919620538198949333e+01
3.035761891451481631e+01
3.169999079906326500e+01
3.288382761710430913e+01
3.405597757950339144e+01
3.505896703029131345e+01
3.624996845749476648e+01
8.190258866507892366e-01
-1.049009790879145143e+00
-2.585027553693586833e-01
-5.202407874904618063e-02
1.555272392095816414e-01
-5.559011428634836882e-01
4.313488780551391621e-01
5.202761978255819875e-01
6.002217088232624231e-01
2.159843725127193359e+00
-2.351916252664269513e-01
-1.576202833723180652e-01
1.897748690275229480e-02
1.584950562510749339e-01
3.597379495968099361e-01
1.100174087494496078e+00
5.556318350464993117e+00
1.412427790717316611e+01
2.477027299267387050e+01
2.576523621499369909e+01
2.690445084730164282e+01
2.804495957911953141e+01
2.919620538198949333e+01
3.035761891451481631e+01
3.169999079906326500e+01
3.288382761710430913e+01
3.405597757950339144e+01
3.505896703029131345e+01
3.624996845749476648e+01
8.190258866507892366e-01
-1.049009790879145143e+00
-2.585027553693586833e-01
-5.202407874904618063e-02
1.555272392095816414e-01
-5.559011428634836882e-01
4.313488780551391621e-01
5.202761978255819875e-01
6.002217088232624231e-01
2.159843725127193359e+00
-2.351916252664269513e-01
-1.576202833723180652e-01
1.897748690275229480e-02
1.584950562510749339e-01
3.597379495968099361e-01
1.100174087494496078e+00
5.556318350464993117e+00
1.412427790717316611e+01
2.477027299267387050e+01
2.576523621499369909e+01
2.690445084730164282e+01
2.804495957911953141e+01
2.919620538198949333e+01
3.035761891451481631e+01
3.169999079906326500e+01
3.288382761710430913e+01
3.405597757950339144e+01
3.505896703029131345e+01
3.624996845749476648e+01
8.190258866507892366e-01
-1.049009790879145143e+00
-2.585027553693586833e-01
-5.202407874904618063e-02
1.555272392095816414e-01
-5.559011428634836882e-01
4.313488780551391621e-01
5.202761978255819875e-01
6.002217088232624231e-01
2.159843725127193359e+00
-2.351916252664269513e-01
-1.576202833723180652e-01
1.897748690275229480e-02
1.584950562510749339e-01
3.597379495968099361e-01
1.100174087494496078e+00
5.556318350464993117e+00
1.412427790717316611e+01
2.477027299267387050e+01
2.576523621499369909e+01
2.690445084730164282e+01
2.804495957911953141e+01
2.919620538198949333e+01
3.035761891451481631e+01
3.169999079906326500e+01
3.288382761710430913e+01
3.405597757950339144e+01
3.505896703029131345e+01
3.624996845749476648e+01
8.190258866507892366e-01
-1.049009790879145143e+00
-2.585027553693586833e-01
-5.202407874904618063e-02
1.555272392095816414e-01
-5.559011428634836882e-01
4.313488780551391621e-01
5.202761978255819875e-01
6.002217088232624231e-01
2.159843725127193359e+00
-2.351916252664269513e-01
-1.576202833723180652e-01
1.897748690275229480e-02
1.584950562510749339e-01
3.597379495968099361e-01
1.100174087494496078e+00
5.556318350464993117e+00
1.412427790717316611e+01
2.477027299267387050e+01
2.576523621499369909e+01
2.690445084730164282e+01
2.804495957911953141e+01
2.919620538198949333e+01
3.035761891451481631e+01
3.169999079906326500e+01
3.288382761710430913e+01
3.405597757950339144e+01
3.505896703029131345e+01
3.624996845749476648e+01
8.190258866507892366e-01
-1.049009790879145143e+00
-2.585027553693586833e-01
-5.202407874904618063e-02
1.555272392095816414e-01
-5.559011428634836882e-01
4.313488780551391621e-01
5.202761978255819875e-01
6.002217088232624231e-01
2.159843725127193359e+00
-2.351916252664269513e-01
-1.576202833723180652e-01
1.897748690275229480e-02
1.584950562510749339e-01
3.597379495968099361e-01
1.100174087494496078e+00
5.556318350464993117e+00
1.412427790717316611e+01
2.477027299267387050e+01
2.576523621499369909e+01
2.690445084730164282e+01
2.804495957911953141e+01
2.919620538198949333e+01
3.035761891451481631e+01
3.169999079906326500e+01
3.288382761710430913e+01
3.405597757950339144e+01
3.505896703029131345e+01
3.624996845749476648e+01
8.190258866507892366e-01
-1.049009790879145143e+00
-2.585027553693586833e-01
-5.202407874904618063e-02
1.555272392095816414e-01
-5.559011428634836882e-01
4.313488780551391621e-01
5.202761978255819875e-01
6.002217088232624231e-01
2.159843725127193359e+00
-2.351916252664269513e-01
-1.576202833723180652e-01
1.897748690275229480e-02
1.584950562510749339e-01
3.597379495968099361e-01
1.100174087494496078e+00
5.556318350464993117e+00
1.412427790717316611e+01
2.477027299267387050e+01
2.576523621499369909e+01
2.690445084730164282e+01
2.804495957911953141e+01
2.919620538198949333e+01
3.035761891451481631e+01
3.169999079906326500e+01
3.288382761710430913e+01
3.405597757950339144e+01
3.505896703029131345e+01
3.624996845749476648e+01
8.190258866507892366e-01
-1.049009790879145143e+00
-2.585027553693586833e-01
-5.202407874904618063e-02
1.555272392095816414e-01
-5.559011428634836882e-01
4.313488780551391621e-01
5.202761978255819875e-01
6.002217088232624231e-01
2.159843725127193359e+00
-2.351916252664269513e-01
-1.576202833723180652e-01
1.897748690275229480e-02
1.584950562510749339e-01
3.597379495968099361e-01
1.100174087494496078e+00
5.556318350464993117e+00
1.412427790717316611e+01
2.477027299267387050e+01
2.576523621499369909e+01
2.690445084730164282e+01
2.804495957911953141e+01
2.919620538198949333e+01
3.035761891451481631e+01
3.169999079906326500e+01
3.288382761710430913e+01
3.405597757950339144e+01
3.505896703029131345e+01
3.624996845749476648e+01
8.190258866507892366e-01
-1.049009790879145143e+00
-2.585027553693586833e-01
-5.202407874904618063e-02
1.555272392095816414e-01
-5.559011428634836882e-01
4.313488780551391621e-01
5.202761978255819875e-01
6.002217088232624231e-01
2.159843725127193359e+00
-2.351916252664269513e-01
-1.576202833723180652e-01
1.897748690275229480e-02
1.584950562510749339e-01
3.597379495968099361e-01
1.100174087494496078e+00
5.556318350464993117e+00
1.412427790717316611e+01
2.477027299267387050e+01
2.576523621499369909e+01
2.690445084730164282e+01
2.804495957911953141e+01
2.919620538198949333e+01
3.035761891451481631e+01
3.169999079906326500e+01
3.288382761710430913e+01
3.405597757950339144e+01
3.505896703029131345e+01
3.624996845749476648e+01
8.190258866507892366e-01
-1.049009790879145143e+00
-2.585027553693586833e-01
-5.202407874904618063e-02
1.555272392095816414e-01
-5.559011428634836882e-01
4.313488780551391621e-01
5.202761978255819875e-01
6.002217088232624231e-01
2.159843725127193359e+00
-2.351916252664269513e-01
-1.576202833723180652e-01
1.897748690275229480e-02
1.584950562510749339e-01
3.597379495968099361e-01
1.100174087494496078e+00
5.556318350464993117e+00
1.412427790717316611e+01
2.477027299267387050e+01
2.576523621499369909e+01
2.690445084730164282e+01
2.804495957911953141e+01
2.919620538198949333e+01
3.035761891451481631e+01
3.169999079906326500e+01
3.288382761710430913e+01
3.405597757950339144e+01
3.505896703029131345e+01
3.624996845749476648e+01
8.190258866507892366e-01
-1.049009790879145143e+00
-2.585027553693586833e-01
-5.202407874904618063e-02
1.555272392095816414e-01
-5.559011428634836882e-01
4.313488780551391621e-01
5.202761978255819875e-01
6.002217088232624231e-01
2.159843725127193359e+00
-2.351916252664269513e-01
-1.576202833723180652e-01
1.897748690275229480e-02
1.584950562510749339e-01
3.597379495968099361e-01
1.100174087494496078e+00
5.556318350464993117e+00
1.412427790717316611e+01
2.477027299267387050e+01
2.576523621499369909e+01
2.690445084730164282e+01
2.804495957911953141e+01
2.919620538198949333e+01
3.035761891451481631e+01
3.169999079906326500e+01
3.288382761710430913e+01
3.405597757950339144e+01
3.505896703029131345e+01
3.624996845749476648e+01
8.190258866507892366e-01
-1.049009790879145143e+00
-2.585027553693586833e-01
-5.202407874904618063e-02
1.555272392095816414e-01
-5.559011428634836882e-01
4.313488780551391621e-01
5.202761978255819875e-01
6.002217088232624231e-01
2.159843725127193359e+00
-2.351916252664269513e-01
-1.576202833723180652e-01
1.897748690275229480e-02
1.584950562510749339e-01
3.597379495968099361e-01
1.100174087494496078e+00
5.556318350464993117e+00
1.412427790717316611e+01
2.477027299267387050e+01
2.576523621499369909e+01
2.690445084730164282e+01
2.804495957911953141e+01
2.919620538198949333e+01
3.035761891451481631e+01
3.169999079906326500e+01
3.288382761710430913e+01
3.405597757950339144e+01
3.505896703029131345e+01
3.624996845749476648e+01
8.190258866507892366e-01
-1.049009790879145143e+00
-2.585027553693586833e-01
-5.202407874904618063e-02
1.555272392095816414e-01
-5.559011428634836882e-01
4.313488780551391621e-01
5.202761978255819875e-01
6.002217088232624231e-01
2.159843725127193359e+00
-2.351916252664269513e-01
-1.576202833723180652e-01
1.897748690275229480e-02
1.584950562510749339e-01
3.597379495968099361e-01
1.100174087494496078e+00
5.556318350464993117e+00
1.412427790717316611e+01
2.477027299267387050e+01
2.576523621499369909e+01
2.690445084730164282e+01
2.804495957911953141e+01
2.919620538198949333e+01
3.035761891451481631e+01
3.169999079906326500e+01
3.288382761710430913e+01
3.405597757950339144e+01
3.505896703029131345e+01
3.624996845749476648e+01
8.190258866507892366e-01
-1.049009790879145143e+00
-2.585027553693586833e-01
-5.202407874904618063e-02
1.555272392095816414e-01
-5.559011428634836882e-01
4.313488780551391621e-01
5.202761978255819875e-01
6.002217088232624231e-01
2.159843725127193359e+00
-2.351916252664269513e-01
-1.576202833723180652e-01
1.897748690275229480e-02
1.584950562510749339e-01
3.597379495968099361e-01
1.100174087494496078e+00
5.556318350464993117e+00
1.412427790717316611e+01
2.477027299267387050e+01
2.576523621499369909e+01
2.690445084730164282e+01
2.804495957911953141e+01
2.919620538198949333e+01
3.035761891451481631e+01
3.169999079906326500e+01
3.288382761710430913e+01
3.405597757950339144e+01
3.505896703029131345e+01
3.624996845749476648e+01
8.190258866507892366e-01
-1.049009790879145143e+00
-2.585027553693586833e-01
-5.202407874904618063e-02
1.555272392095816414e-01
-5.559011428634836882e-01
4.313488780551391621e-01
5.202761978255819875e-01
6.002217088232624231e-01
2.159843725127193359e+00
-2.351916252664269513e-01
-1.576202833723180652e-01
1.897748690275229480e-02
1.584950562510749339e-01
3.597379495968099361e-01
1.100174087494496078e+00
5.556318350464993117e+00
1.412427790717316611e+01
2.477027299267387050e+01
2.576523621499369909e+01
2.690445084730164282e+01
2.804495957911953141e+01
2.919620538198949333e+01
3.035761891451481631e+01
3.169999079906326500e+01
3.288382761710430913e+01
3.405597757950339144e+01
3.505896703029131345e+01
3.624996845749476648e+01
