6.341629244189397330e-01
1.125450604011518779e-01
1.871249403224159447e-01
1.367701970526905841e-01
1.267262523661943918e-01
2.712094319626653927e-01
8.193034873465898649e-02
8.027856460513148329e-02
6.203129540107030215e-02
3.198496644427089586e-01
2.497545493599639260e-02
3.373185473426761755e-02
5.362542271781242653e-02
2.895638752448495210e-02
3.320727606727114783e-02
2.976936284549009520e-02
1.640892541809853278e-02
1.954121563403328488e-02
8.692579923406838771e-02
1.637634961231083930e-02
3.447611025158418916e-03
5.646959598255685449e-03
5.813962926169120339e-03
3.623709270887722975e-03
3.086050819169590398e-02
7.606250483318470479e-03
6.080279780501111897e-02
4.426431678502817935e-03
2.116381441571399749e-03
6.341629244189397330e-01
1.125450604011518779e-01
1.871249403224159447e-01
1.367701970526905841e-01
1.267262523661943918e-01
2.712094319626653927e-01
8.193034873465898649e-02
8.027856460513148329e-02
6.203129540107030215e-02
3.198496644427089586e-01
2.497545493599639260e-02
3.373185473426761755e-02
5.362542271781242653e-02
2.895638752448495210e-02
3.320727606727114783e-02
2.976936284549009520e-02
1.640892541809853278e-02
1.954121563403328488e-02
8.692579923406838771e-02
1.637634961231083930e-02
3.447611025158418916e-03
5.646959598255685449e-03
5.813962926169120339e-03
3.623709270887722975e-03
3.086050819169590398e-02
7.606250483318470479e-03
6.080279780501111897e-02
4.426431678502817935e-03
2.116381441571399749e-03
6.341629244189397330e-01
1.125450604011518779e-01
1.871249403224159447e-01
1.367701970526905841e-01
1.267262523661943918e-01
2.712094319626653927e-01
8.193034873465898649e-02
8.027856460513148329e-02
6.203129540107030215e-02
3.198496644427089586e-01
2.497545493599639260e-02
3.373185473426761755e-02
5.362542271781242653e-02
2.895638752448495210e-02
3.320727606727114783e-02
2.976936284549009520e-02
1.640892541809853278e-02
1.954121563403328488e-02
8.692579923406838771e-02
1.637634961231083930e-02
3.447611025158418916e-03
5.646959598255685449e-03
5.813962926169120339e-03
3.623709270887722975e-03
3.086050819169590398e-02
7.606250483318470479e-03
6.080279780501111897e-02
4.426431678502817935e-03
2.116381441571399749e-03
6.341629244189397330e-01
1.125450604011518779e-01
1.871249403224159447e-01
1.367701970526905841e-01
1.267262523661943918e-01
2.712094319626653927e-01
8.193034873465898649e-02
8.027856460513148329e-02
6.203129540107030215e-02
3.198496644427089586e-01
2.497545493599639260e-02
3.373185473426761755e-02
5.362542271781242653e-02
2.895638752448495210e-02
3.320727606727114783e-02
2.976936284549009520e-02
1.640892541809853278e-02
1.954121563403328488e-02
8.692579923406838771e-02
1.637634961231083930e-02
3.447611025158418916e-03
5.646959598255685449e-03
5.813962926169120339e-03
3.623709270887722975e-03
3.086050819169590398e-02
7.606250483318470479e-03
6.080279780501111897e-02
4.426431678502817935e-03
2.116381441571399749e-03
6.341629244189397330e-01
1.125450604011518779e-01
1.871249403224159447e-01
1.367701970526905841e-01
1.267262523661943918e-01
2.712094319626653927e-01
8.193034873465898649e-02
8.027856460513148329e-02
6.203129540107030215e-02
3.198496644427089586e-01
2.497545493599639260e-02
3.373185473426761755e-02
5.362542271781242653e-02
2.895638752448495210e-02
3.320727606727114783e-02
2.976936284549009520e-02
1.640892541809853278e-02
1.954121563403328488e-02
8.692579923406838771e-02
1.637634961231083930e-02
3.447611025158418916e-03
5.646959598255685449e-03
5.813962926169120339e-03
3.623709270887722975e-03
3.086050819169590398e-02
7.606250483318470479e-03
6.080279780501111897e-02
4.426431678502817935e-03
2.116381441571399749e-03
6.341629244189397330e-01
1.125450604011518779e-01
1.871249403224159447e-01
1.367701970526905841e-01
1.267262523661943918e-01
2.712094319626653927e-01
8.193034873465898649e-02
8.027856460513148329e-02
6.203129540107030215e-02
3.198496644427089586e-01
2.497545493599639260e-02
3.373185473426761755e-02
5.362542271781242653e-02
2.895638752448495210e-02
3.320727606727114783e-02
2.976936284549009520e-02
1.640892541809853278e-02
1.954121563403328488e-02
8.692579923406838771e-02
1.637634961231083930e-02
3.447611025158418916e-03
5.646959598255685449e-03
5.813962926169120339e-03
3.623709270887722975e-03
3.086050819169590398e-02
7.606250483318470479e-03
6.080279780501111897e-02
4.426431678502817935e-03
2.116381441571399749e-03
6.341629244189397330e-01
1.125450604011518779e-01
1.871249403224159447e-01
1.367701970526905841e-01
1.267262523661943918e-01
2.712094319626653927e-01
8.193034873465898649e-02
8.027856460513148329e-02
6.203129540107030215e-02
3.198496644427089586e-01
2.497545493599639260e-02
3.373185473426761755e-02
5.362542271781242653e-02
2.895638752448495210e-02
3.320727606727114783e-02
2.976936284549009520e-02
1.640892541809853278e-02
1.954121563403328488e-02
8.692579923406838771e-02
1.637634961231083930e-02
3.447611025158418916e-03
5.646959598255685449e-03
5.813962926169120339e-03
3.623709270887722975e-03
3.086050819169590398e-02
7.606250483318470479e-03
6.080279780501111897e-02
4.426431678502817935e-03
2.116381441571399749e-03
6.341629244189397330e-01
1.125450604011518779e-01
1.871249403224159447e-01
1.367701970526905841e-01
1.267262523661943918e-01
2.712094319626653927e-01
8.193034873465898649e-02
8.027856460513148329e-02
6.203129540107030215e-02
3.198496644427089586e-01
2.497545493599639260e-02
3.373185473426761755e-02
5.362542271781242653e-02
2.895638752448495210e-02
3.320727606727114783e-02
2.976936284549009520e-02
1.640892541809853278e-02
1.954121563403328488e-02
8.692579923406838771e-02
1.637634961231083930e-02
3.447611025158418916e-03
5.646959598255685449e-03
5.813962926169120339e-03
3.623709270887722975e-03
3.086050819169590398e-02
7.606250483318470479e-03
6.080279780501111897e-02
4.426431678502817935e-03
2.116381441571399749e-03
6.341629244189397330e-01
1.125450604011518779e-01
1.871249403224159447e-01
1.367701970526905841e-01
1.267262523661943918e-01
2.712094319626653927e-01
8.193034873465898649e-02
8.027856460513148329e-02
6.203129540107030215e-02
3.198496644427089586e-01
2.497545493599639260e-02
3.373185473426761755e-02
5.362542271781242653e-02
2.895638752448495210e-02
3.320727606727114783e-02
2.976936284549009520e-02
1.640892541809853278e-02
1.954121563403328488e-02
8.692579923406838771e-02
1.637634961231083930e-02
3.447611025158418916e-03
5.646959598255685449e-03
5.813962926169120339e-03
3.623709270887722975e-03
3.086050819169590398e-02
7.606250483318470479e-03
6.080279780501111897e-02
4.426431678502817935e-03
2.116381441571399749e-03
6.341629244189397330e-01
1.125450604011518779e-01
1.871249403224159447e-01
1.367701970526905841e-01
1.267262523661943918e-01
2.712094319626653927e-01
8.193034873465898649e-02
8.027856460513148329e-02
6.203129540107030215e-02
3.198496644427089586e-01
2.497545493599639260e-02
3.373185473426761755e-02
5.362542271781242653e-02
2.895638752448495210e-02
3.320727606727114783e-02
2.976936284549009520e-02
1.640892541809853278e-02
1.954121563403328488e-02
8.692579923406838771e-02
1.637634961231083930e-02
3.447611025158418916e-03
5.646959598255685449e-03
5.813962926169120339e-03
3.623709270887722975e-03
3.086050819169590398e-02
7.606250483318470479e-03
6.080279780501111897e-02
4.426431678502817935e-03
2.116381441571399749e-03
6.341629244189397330e-01
1.125450604011518779e-01
1.871249403224159447e-01
1.367701970526905841e-01
1.267262523661943918e-01
2.712094319626653927e-01
8.193034873465898649e-02
8.027856460513148329e-02
6.203129540107030215e-02
3.198496644427089586e-01
2.497545493599639260e-02
3.373185473426761755e-02
5.362542271781242653e-02
2.895638752448495210e-02
3.320727606727114783e-02
2.976936284549009520e-02
1.640892541809853278e-02
1.954121563403328488e-02
8.692579923406838771e-02
1.637634961231083930e-02
3.447611025158418916e-03
5.646959598255685449e-03
5.813962926169120339e-03
3.623709270887722975e-03
3.086050819169590398e-02
7.606250483318470479e-03
6.080279780501111897e-02
4.426431678502817935e-03
2.116381441571399749e-03
6.341629244189397330e-01
1.125450604011518779e-01
1.871249403224159447e-01
1.367701970526905841e-01
1.267262523661943918e-01
2.712094319626653927e-01
8.193034873465898649e-02
8.027856460513148329e-02
6.203129540107030215e-02
3.198496644427089586e-01
2.497545493599639260e-02
3.373185473426761755e-02
5.362542271781242653e-02
2.895638752448495210e-02
3.320727606727114783e-02
2.976936284549009520e-02
1.640892541809853278e-02
1.954121563403328488e-02
8.692579923406838771e-02
1.637634961231083930e-02
3.447611025158418916e-03
5.646959598255685449e-03
5.813962926169120339e-03
3.623709270887722975e-03
3.086050819169590398e-02
7.606250483318470479e-03
6.080279780501111897e-02
4.426431678502817935e-03
2.116381441571399749e-03
6.341629244189397330e-01
1.125450604011518779e-01
1.871249403224159447e-01
1.367701970526905841e-01
1.267262523661943918e-01
2.712094319626653927e-01
8.193034873465898649e-02
8.027856460513148329e-02
6.203129540107030215e-02
3.198496644427089586e-01
2.497545493599639260e-02
3.373185473426761755e-02
5.362542271781242653e-02
2.895638752448495210e-02
3.320727606727114783e-02
2.976936284549009520e-02
1.640892541809853278e-02
1.954121563403328488e-02
8.692579923406838771e-02
1.637634961231083930e-02
3.447611025158418916e-03
5.646959598255685449e-03
5.813962926169120339e-03
3.623709270887722975e-03
3.086050819169590398e-02
7.606250483318470479e-03
6.080279780501111897e-02
4.426431678502817935e-03
2.116381441571399749e-03
6.341629244189397330e-01
1.125450604011518779e-01
1.871249403224159447e-01
1.367701970526905841e-01
1.267262523661943918e-01
2.712094319626653927e-01
8.193034873465898649e-02
8.027856460513148329e-02
6.203129540107030215e-02
3.198496644427089586e-01
2.497545493599639260e-02
3.373185473426761755e-02
5.362542271781242653e-02
2.895638752448495210e-02
3.320727606727114783e-02
2.976936284549009520e-02
1.640892541809853278e-02
1.954121563403328488e-02
8.692579923406838771e-02
1.637634961231083930e-02
3.447611025158418916e-03
5.646959598255685449e-03
5.813962926169120339e-03
3.623709270887722975e-03
3.086050819169590398e-02
7.606250483318470479e-03
6.080279780501111897e-02
4.426431678502817935e-03
2.116381441571399749e-03
6.341629244189397330e-01
1.125450604011518779e-01
1.871249403224159447e-01
1.367701970526905841e-01
1.267262523661943918e-01
2.712094319626653927e-01
8.193034873465898649e-02
8.027856460513148329e-02
6.203129540107030215e-02
3.198496644427089586e-01
2.497545493599639260e-02
3.373185473426761755e-02
5.362542271781242653e-02
2.895638752448495210e-02
3.320727606727114783e-02
2.976936284549009520e-02
1.640892541809853278e-02
1.954121563403328488e-02
8.692579923406838771e-02
1.637634961231083930e-02
3.447611025158418916e-03
5.646959598255685449e-03
5.813962926169120339e-03
3.623709270887722975e-03
3.086050819169590398e-02
7.606250483318470479e-03
6.080279780501111897e-02
4.426431678502817935e-03
2.116381441571399749e-03
6.341629244189397330e-01
1.125450604011518779e-01
1.871249403224159447e-01
1.367701970526905841e-01
1.267262523661943918e-01
2.712094319626653927e-01
8.193034873465898649e-02
8.027856460513148329e-02
6.203129540107030215e-02
3.198496644427089586e-01
2.497545493599639260e-02
3.373185473426761755e-02
5.362542271781242653e-02
2.895638752448495210e-02
3.320727606727114783e-02
2.976936284549009520e-02
1.640892541809853278e-02
1.954121563403328488e-02
8.692579923406838771e-02
1.637634961231083930e-02
3.447611025158418916e-03
5.646959598255685449e-03
5.813962926169120339e-03
3.623709270887722975e-03
3.086050819169590398e-02
7.606250483318470479e-03
6.080279780501111897e-02
4.426431678502817935e-03
2.116381441571399749e-03
6.341629244189397330e-01
1.125450604011518779e-01
1.871249403224159447e-01
1.367701970526905841e-01
1.267262523661943918e-01
2.712094319626653927e-01
8.193034873465898649e-02
8.027856460513148329e-02
6.203129540107030215e-02
3.198496644427089586e-01
2.497545493599639260e-02
3.373185473426761755e-02
5.362542271781242653e-02
2.895638752448495210e-02
3.320727606727114783e-02
2.976936284549009520e-02
1.640892541809853278e-02
1.954121563403328488e-02
8.692579923406838771e-02
1.637634961231083930e-02
3.447611025158418916e-03
5.646959598255685449e-03
5.813962926169120339e-03
3.623709270887722975e-03
3.086050819169590398e-02
7.606250483318470479e-03
6.080279780501111897e-02
4.426431678502817935e-03
2.116381441571399749e-03
6.341629244189397330e-01
1.125450604011518779e-01
1.871249403224159447e-01
1.367701970526905841e-01
1.267262523661943918e-01
2.712094319626653927e-01
8.193034873465898649e-02
8.027856460513148329e-02
6.203129540107030215e-02
3.198496644427089586e-01
2.497545493599639260e-02
3.373185473426761755e-02
5.362542271781242653e-02
2.895638752448495210e-02
3.320727606727114783e-02
2.976936284549009520e-02
1.640892541809853278e-02
1.954121563403328488e-02
8.692579923406838771e-02
1.637634961231083930e-02
3.447611025158418916e-03
5.646959598255685449e-03
5.813962926169120339e-03
3.623709270887722975e-03
3.086050819169590398e-02
7.606250483318470479e-03
6.080279780501111897e-02
4.426431678502817935e-03
2.116381441571399749e-03
6.341629244189397330e-01
1.125450604011518779e-01
1.871249403224159447e-01
1.367701970526905841e-01
1.267262523661943918e-01
2.712094319626653927e-01
8.193034873465898649e-02
8.027856460513148329e-02
6.203129540107030215e-02
3.198496644427089586e-01
2.497545493599639260e-02
3.373185473426761755e-02
5.362542271781242653e-02
2.895638752448495210e-02
3.320727606727114783e-02
2.976936284549009520e-02
1.640892541809853278e-02
1.954121563403328488e-02
8.692579923406838771e-02
1.637634961231083930e-02
3.447611025158418916e-03
5.646959598255685449e-03
5.813962926169120339e-03
3.623709270887722975e-03
3.086050819169590398e-02
7.606250483318470479e-03
6.080279780501111897e-02
4.426431678502817935e-03
2.116381441571399749e-03
6.341629244189397330e-01
1.125450604011518779e-01
1.871249403224159447e-01
1.367701970526905841e-01
1.267262523661943918e-01
2.712094319626653927e-01
8.193034873465898649e-02
8.027856460513148329e-02
6.203129540107030215e-02
3.198496644427089586e-01
2.497545493599639260e-02
3.373185473426761755e-02
5.362542271781242653e-02
2.895638752448495210e-02
3.320727606727114783e-02
2.976936284549009520e-02
1.640892541809853278e-02
1.954121563403328488e-02
8.692579923406838771e-02
1.637634961231083930e-02
3.447611025158418916e-03
5.646959598255685449e-03
5.813962926169120339e-03
3.623709270887722975e-03
3.086050819169590398e-02
7.606250483318470479e-03
6.080279780501111897e-02
4.426431678502817935e-03
2.116381441571399749e-03
6.341629244189397330e-01
1.125450604011518779e-01
1.871249403224159447e-01
1.367701970526905841e-01
1.267262523661943918e-01
2.712094319626653927e-01
8.193034873465898649e-02
8.027856460513148329e-02
6.203129540107030215e-02
3.198496644427089586e-01
2.497545493599639260e-02
3.373185473426761755e-02
5.362542271781242653e-02
2.895638752448495210e-02
3.320727606727114783e-02
2.976936284549009520e-02
1.640892541809853278e-02
1.954121563403328488e-02
8.692579923406838771e-02
1.637634961231083930e-02
3.447611025158418916e-03
5.646959598255685449e-03
5.813962926169120339e-03
3.623709270887722975e-03
3.086050819169590398e-02
7.606250483318470479e-03
6.080279780501111897e-02
4.426431678502817935e-03
2.116381441571399749e-03
6.341629244189397330e-01
1.125450604011518779e-01
1.871249403224159447e-01
1.367701970526905841e-01
1.267262523661943918e-01
2.712094319626653927e-01
8.193034873465898649e-02
8.027856460513148329e-02
6.203129540107030215e-02
3.198496644427089586e-01
2.497545493599639260e-02
3.373185473426761755e-02
5.362542271781242653e-02
2.895638752448495210e-02
3.320727606727114783e-02
2.976936284549009520e-02
1.640892541809853278e-02
1.954121563403328488e-02
8.692579923406838771e-02
1.637634961231083930e-02
3.447611025158418916e-03
5.646959598255685449e-03
5.813962926169120339e-03
3.623709270887722975e-03
3.086050819169590398e-02
7.606250483318470479e-03
6.080279780501111897e-02
4.426431678502817935e-03
2.116381441571399749e-03
6.341629244189397330e-01
1.125450604011518779e-01
1.871249403224159447e-01
1.367701970526905841e-01
1.267262523661943918e-01
2.712094319626653927e-01
8.193034873465898649e-02
8.027856460513148329e-02
6.203129540107030215e-02
3.198496644427089586e-01
2.497545493599639260e-02
3.373185473426761755e-02
5.362542271781242653e-02
2.895638752448495210e-02
3.320727606727114783e-02
2.976936284549009520e-02
1.640892541809853278e-02
1.954121563403328488e-02
8.692579923406838771e-02
1.637634961231083930e-02
3.447611025158418916e-03
5.646959598255685449e-03
5.813962926169120339e-03
3.623709270887722975e-03
3.086050819169590398e-02
7.606250483318470479e-03
6.080279780501111897e-02
4.426431678502817935e-03
2.116381441571399749e-03
6.341629244189397330e-01
1.125450604011518779e-01
1.871249403224159447e-01
1.367701970526905841e-01
1.267262523661943918e-01
2.712094319626653927e-01
8.193034873465898649e-02
8.027856460513148329e-02
6.203129540107030215e-02
3.198496644427089586e-01
2.497545493599639260e-02
3.373185473426761755e-02
5.362542271781242653e-02
2.895638752448495210e-02
3.320727606727114783e-02
2.976936284549009520e-02
1.640892541809853278e-02
1.954121563403328488e-02
8.692579923406838771e-02
1.637634961231083930e-02
3.447611025158418916e-03
5.646959598255685449e-03
5.813962926169120339e-03
3.623709270887722975e-03
3.086050819169590398e-02
7.606250483318470479e-03
6.080279780501111897e-02
4.426431678502817935e-03
2.116381441571399749e-03
6.341629244189397330e-01
1.125450604011518779e-01
1.871249403224159447e-01
1.367701970526905841e-01
1.267262523661943918e-01
2.712094319626653927e-01
8.193034873465898649e-02
8.027856460513148329e-02
6.203129540107030215e-02
3.198496644427089586e-01
2.497545493599639260e-02
3.373185473426761755e-02
5.362542271781242653e-02
2.895638752448495210e-02
3.320727606727114783e-02
2.976936284549009520e-02
1.640892541809853278e-02
1.954121563403328488e-02
8.692579923406838771e-02
1.637634961231083930e-02
3.447611025158418916e-03
5.646959598255685449e-03
5.813962926169120339e-03
3.623709270887722975e-03
3.086050819169590398e-02
7.606250483318470479e-03
6.080279780501111897e-02
4.426431678502817935e-03
2.116381441571399749e-03
6.341629244189397330e-01
1.125450604011518779e-01
1.871249403224159447e-01
1.367701970526905841e-01
1.267262523661943918e-01
2.712094319626653927e-01
8.193034873465898649e-02
8.027856460513148329e-02
6.203129540107030215e-02
3.198496644427089586e-01
2.497545493599639260e-02
3.373185473426761755e-02
5.362542271781242653e-02
2.895638752448495210e-02
3.320727606727114783e-02
2.976936284549009520e-02
1.640892541809853278e-02
1.954121563403328488e-02
8.692579923406838771e-02
1.637634961231083930e-02
3.447611025158418916e-03
5.646959598255685449e-03
5.813962926169120339e-03
3.623709270887722975e-03
3.086050819169590398e-02
7.606250483318470479e-03
6.080279780501111897e-02
4.426431678502817935e-03
2.116381441571399749e-03
