1.000000000000000000e+01 5.154077363647813215e-02 1.641278436665635212e-03 3.298940441333333183e+03
2.000000000000000000e+01 4.608449902417932620e-02 1.907558914314852515e-03 6.594768521333334320e+03
3.000000000000000000e+01 -1.568790558846533401e-01 1.505666076486876417e-03 9.895244281333334584e+03
4.000000000000000000e+01 -1.208480048470791157e+00 3.164400603985589779e-03 3.058876200133333987e+04
5.000000000000000000e+01 -1.860553889049648690e+00 2.386469187474737615e-04 3.835746416133333696e+04
6.000000000000000000e+01 -2.233222886986826694e+00 2.971189835843143887e-04 4.609690736133333849e+04
7.000000000000000000e+01 -1.010592618398130638e+00 2.971837338368955644e-04 2.367596032133333574e+04
8.000000000000000000e+01 -1.638755255713761017e+00 6.285330524000619368e-03 2.683407108133333895e+04
9.000000000000000000e+01 -8.790680686911678254e-01 3.881449170400111913e-03 3.059332596133333936e+04
1.000000000000000000e+02 -1.142519390271313551e+00 3.448194501392998212e-03 3.529149232133333862e+04
1.100000000000000000e+02 -1.648553365502692047e+00 3.083777824873812378e-04 3.879442392133333487e+04
1.200000000000000000e+02 -1.936806012051481840e+00 5.133240382756040473e-04 4.226030536133333226e+04
1.300000000000000000e+02 -1.807711421696115206e+00 1.226940164830112165e-03 4.473079780133333406e+04
1.400000000000000000e+02 -1.806959204674738473e+00 4.388222166971802486e-03 4.803159764133333374e+04
1.500000000000000000e+02 -2.700478684586574474e+00 6.333973100464177462e-04 5.120874084133333236e+04
1.600000000000000000e+02 -3.825635289159066588e+00 9.726177261320099370e-04 5.454952888133333909e+04
1.700000000000000000e+02 -5.202387475949057816e+00 1.571018163727594397e-03 5.729676856133333786e+04
1.800000000000000000e+02 -7.429542842139030157e+00 2.129074256871392543e-03 5.936383416133331775e+04
1.900000000000000000e+02 -1.189172010927539880e+01 2.878203882980413363e-03 6.173030920133333711e+04
2.000000000000000000e+02 -1.527567358921057838e+01 9.055584450204779258e-04 6.278407140133334178e+04
2.100000000000000000e+02 -1.841589663379460973e+01 9.014056497764829246e-04 6.348017264133334538e+04
2.200000000000000000e+02 -1.819021156049608123e+01 1.047458701687443115e-02 6.342117120133334538e+04
2.300000000000000000e+02 -2.205306281455602857e+01 5.144179310989496767e-03 6.407630220133333933e+04
2.400000000000000000e+02 -2.471923873485953749e+01 5.233080336120608973e-03 6.430754044133333082e+04
