-1.000000000000000000e+01 3.226982315739983509e+00 9.598103146046184364e-02
-8.000000000000000000e+00 3.233489749131039925e+00 1.147551318828066574e-01
-6.000000000000000000e+00 3.267006250259474776e+00 1.897450306712130386e-01
-4.000000000000000000e+00 3.304592801799514312e+00 3.080014905905860134e-01
-2.000000000000000000e+00 3.342642609512123553e+00 5.785710614954286957e-01
-0.000000000000000000e+00 3.420844381398284284e+00 9.021880774152100102e-01
2.000000000000000000e+00 3.568314647755407965e+00 1.310583554314456611e+00
4.000000000000000000e+00 3.711864562794025879e+00 1.769956378471349678e+00
6.000000000000000000e+00 3.929939285022744588e+00 2.313875980345642347e+00
8.000000000000000000e+00 4.262456006980583467e+00 2.629970257453428939e+00
1.000000000000000000e+01 4.785229602275895111e+00 2.974414798608054245e+00
1.200000000000000000e+01 5.491315746885254256e+00 3.273306593726298619e+00
1.400000000000000000e+01 6.539972421025104232e+00 3.832548216535216490e+00
1.600000000000000000e+01 7.851954487431177299e+00 3.854048004368637592e+00
1.800000000000000000e+01 9.583009339737857957e+00 3.049547024291064723e+00
2.000000000000000000e+01 1.227044694154049687e+01 3.758800990290557031e+00
